0,0.33333334
1,0.3888889
2,0.33333334
3,0.3611111
4,0.33333334
5,0.3148148
6,0.2857143
7,0.29166666
8,0.27160493
9,0.2888889
10,0.2929293
11,0.3148148
12,0.30769232
13,0.2857143
14,0.2888889
15,0.29166666
16,0.29411766
17,0.3148148
18,0.30409357
19,0.31666666
20,0.3121693
21,0.30808082
22,0.3236715
23,0.32407406
24,0.3288889
25,0.32905984
26,0.3251029
27,0.31746033
28,0.31417623
29,0.3148148
30,0.31899643
31,0.3159722
32,0.3131313
33,0.32026145
34,0.32380953
35,0.32098764
36,0.3183183
37,0.31578946
38,0.3190883
39,0.31944445
40,0.32249323
41,0.31746033
42,0.31782946
43,0.31060606
44,0.30617285
45,0.30917874
46,0.31205675
47,0.3148148
48,0.3106576
49,0.31333333
50,0.3137255
51,0.32051283
52,0.3186583
53,0.32098764
54,0.31717172
55,0.31150794
56,0.31189084
57,0.31034482
58,0.3088512
59,0.31111112
60,0.3114754
61,0.31182796
62,0.30864197
63,0.3107639
64,0.30940172
65,0.30471382
66,0.30679932
67,0.3120915
68,0.31078905
69,0.30952382
70,0.3082942
71,0.3117284
72,0.3105023
73,0.3123123
74,0.3125926
75,0.3114035
76,0.3131313
77,0.3148148
78,0.3164557
79,0.31944445
80,0.31824416
81,0.3184282
82,0.31994644
83,0.32010582
84,0.32156864
85,0.32299742
86,0.3218391
87,0.32070708
88,0.3233458
89,0.32222223
90,0.32600734
91,0.3236715
92,0.32616487
93,0.32742316
94,0.3251462
95,0.3252315
96,0.32302406
97,0.32312927
98,0.32323232
99,0.32444444
100,0.32453245
101,0.32461873
102,0.32254586
103,0.32371795
104,0.32380953
105,0.3249476
106,0.3229491
107,0.32407406
108,0.32619774
109,0.3272727
110,0.32732734
111,0.3313492
112,0.33235005
113,0.331384
114,0.33333334
115,0.33237547
116,0.33333334
117,0.33521658
118,0.33520076
119,0.33333334
120,0.33241507
121,0.33242258
122,0.33243
123,0.33333334
124,0.3351111
125,0.33509701
126,0.335958
127,0.3359375
128,0.33505598
129,0.33418804
130,0.33418152
131,0.33585858
132,0.33500418
133,0.33416253
134,0.33497941
135,0.33578432
136,0.33657745
137,0.3357488
138,0.3341327
139,0.33333334
140,0.33490938
141,0.33802816
142,0.33721834
143,0.33719134
144,0.33639848
145,0.33637747
146,0.3356009
147,0.3340841
148,0.33258763
149,0.3325926
150,0.33186167
151,0.33260235
152,0.33333334
153,0.33189034
154,0.3311828
155,0.33190882
156,0.3312102
157,0.33333334
158,0.3326345
159,0.3326389
160,0.33126295
161,0.33058986
162,0.33060667
163,0.3306233
164,0.33063972
165,0.33065596
166,0.332668
167,0.3346561
168,0.3359632
169,0.33660132
170,0.33593243
171,0.33656332
172,0.3371869
173,0.33844188
174,0.3384127
175,0.33838382
176,0.33772755
177,0.33707866
178,0.336437
179,0.33580247
180,0.3364027
181,0.33699635
182,0.33636916
183,0.3357488
184,0.33513513
185,0.33512545
186,0.33511585
187,0.3356974
188,0.3356849
189,0.3374269
190,0.33740547
191,0.33738425
192,0.33678755
193,0.33619702
194,0.33618233
195,0.3356009
196,0.33615342
197,0.33670035
198,0.33780012
199,0.3361111
200,0.3360973
201,0.33443344
202,0.334428
203,0.33442265
204,0.33387533
205,0.33333334
206,0.3322598
207,0.33279914
208,0.3328017
209,0.33227512
210,0.33175355
211,0.3312369
212,0.3307251
213,0.33021808
214,0.33023256
215,0.33024693
216,0.3312852
217,0.33180428
218,0.33028919
219,0.33030304
220,0.33031675
221,0.33083084
222,0.32984555
223,0.33085316
224,0.33234566
225,0.3318584
226,0.33284387
227,0.3323587
228,0.33139253
229,0.33140096
230,0.33044732
231,0.3309387
232,0.32999524
233,0.3300095
234,0.32955083
235,0.32909605
236,0.32911393
237,0.32959852
238,0.32868433
239,0.32916668
240,0.329645
241,0.3305785
242,0.33058986
243,0.33242258
244,0.33151928
245,0.3306233
246,0.33288348
247,0.33198926
248,0.33199465
249,0.33244446
250,0.33200532
251,0.3324515
252,0.33157665
253,0.33158356
254,0.33028322
255,0.3315972
256,0.33117163
257,0.332472
258,0.33333334
259,0.33376068
260,0.33333334
261,0.3346056
262,0.33460075
263,0.33459595
264,0.33542976
265,0.3358396
266,0.33499792
267,0.3349917
268,0.33498555
269,0.33580247
270,0.33538336
271,0.3345588
272,0.33414733
273,0.33414435
274,0.3341414
275,0.3337359
276,0.33333334
277,0.33373302
278,0.33412984
279,0.33492064
280,0.33451957
281,0.3353034
282,0.33608165
283,0.3352895
284,0.33489278
285,0.33449882
286,0.33488193
287,0.33487654
288,0.3348712
289,0.33448276
290,0.334097
291,0.33371386
292,0.33371255
293,0.3329554
294,0.33408663
295,0.3340841
296,0.33370745
297,0.33333334
298,0.33296174
299,0.3325926
300,0.33259505
